7955351000
1412600000
1410300425
332722557
272248500
225199937
214724899
211400708
172844590
147190000
128271248
125502000
117876000
111982192
103376607
98505400
92378000
85499983
84680273
83222442
67853000
67081234
66796667
60142978
59441988
58929360
55294979
51745000
51049498
47564296
47327407
47326687
45400000
44487965
42885900
41190700
41130432
38711108
38028000
36623321
35581723
35013414
33035304
32890171
32719800
32097671
30832244
30832019
30491000
29192480
28705000
27087732
26923353
26010349
25660000
24348251
24112753
23375314
22156000
21510181
20856000
19678363
19238000
19186201
18898441
18400556
18276000
17994144
17729281
17223497
17109746
16818391
16360000
15790716
15552211
13249924
12955768
12907395
12574571
12506347
11797257
11746695
11743017
11629213
11224976
11181595
10678632
10535535
10516707
10468482
10347892
10164464
9689000
9546178
9527420
9506000
9349645
9282410
9122994
9027999
8736500
8297882
7886000
7403100
7353038
7337783
6959000
6871547
6825935
6769000
6700000
6595674
6520314
6118000
5883562
5657000
5633412
5550066
5453600
5434712
5435536
5227193
5163038
5130732
5011500
4670713
4661010
4527446
4278500
4271197
3888529
3728573
3601000
3554915
3440891
3320954
3285874
2963900
2829741
2799202
2794961
2734093
2597100
2550226
2487000
2410338
2233272
2159000
2108977
1874900
1832696
1798188
1646077
1505588
1501635
1367558
1330068
1317780
1266334
1172000
976107
898402
888005
758316
763200
743699
728041
683200
645397
621306
612000
598000
563198
514564
430191
429999
393450
383135
382230
377280
306000
301295
288000
279890
273674
245424
214610
199853
178696
153836
153671
148900
120740
113000
111050
110696
107800
105754
99532
99337
99202
87146
84069
79535
72000
65786
64055
63124
56562
54516
54000
53792
53532
49710
47329
44542
42577
39315
39150
34000
33705
32489
30344
30000
17957
15342
15000
11832
11369
10679
10289
6000
5974
5000
4000
1966
1734
1549
1501
825
573
40